id: (0,)
[156.05901544286937, 194.741657916396, -9.846398387664204, -5075.744090583031]
[154.4926804445269, -133.67815768990417, -144.64094791009256, 3950.73774160477]
[-129.10902350155385, 103.21262387610157, -214.4766964886534, 841.8979450083045]
[0.0, 0.0, 0.0, 273.0]
---------------------------------------
id: (1,)
[-10.306835868475572, -1.3619728691032682, -1.5731200541381094, -279.6277295869836]
[0.8236165222237668, 6.489621649326136, -3.7491071472800686, 188.81580905868108]
[-6.650649758525123, -7.5548605435454, -10.759802145444308, 81.66278198402185]
[0.0, 0.0, 0.0, 17.0]
---------------------------------------
id: (2,)
[6.965107721438133, -0.11224913477016119, -4.358009470553718, -537.3240602410796]
[0.019756790826136794, 5.781349701629264, 12.8675347523278, 390.8500903506049]
[7.023485393832566, -13.843909882637622, -6.175045183719749, 176.3315298189248]
[0.0, 0.0, 0.0, 23.0]
---------------------------------------
id: (4,)
[7.419373829191994, 17.805773889034775, -6.920691831803548, -659.104142649171]
[-5.1098792334922765, 9.04566433041365, 19.02274162262419, 461.7672991784519]
[18.349610890056297, -4.599484515734792, 8.374588859319305, 203.1505946163438]
[0.0, 0.0, 0.0, 22.0]
---------------------------------------
id: (7,)
[-1.8907998332556792, 0.5801970704024539, -0.06843145827483663, -24.88408298052763]
[0.5774473935861832, 1.8910404853886793, 0.08166440231021324, 11.110344854439283]
[0.08686881687152948, 0.05788339745631439, -1.9971297933147234, 4.8164173832972015]
[0.0, 0.0, 0.0, 2.0]
---------------------------------------
id: (6,)
[-14.324513468526273, -4.799643403131803, -4.3223684548186885, -1037.8609278217048]
[-6.6389791267746725, 13.907184124519697, 25.282495009768645, 737.2292304358476]
[-6.021759580749203, 27.51319724877553, 8.029090660861646, 167.74778909182075]
[0.0, 0.0, 0.0, 39.0]
---------------------------------------
id: (3,)
[-12.834666442618893, -1.7966673623559821, -0.19243679194595584, -296.51461676941716]
[-1.7159629355513228, 12.537298133369355, -2.805458317306852, 186.8505507786543]
[0.5608060309655396, -2.7464611656855022, -12.69083467547319, 71.6000638839065]
[0.0, 0.0, 0.0, 13.0]
---------------------------------------
